2547593
2547614
2547646
2547656
2547703
2547729
2547761
2547851
2547859
2547865
2547915
2547916
2547917
2547922
2547934
2547951
2547961
2547962
2547975
2548308
2548402
2548486
2548589
2548592
2548619
2548620
2548635
2548644
2548653
2548717
2548722
2548732
2548752
2548793
2548809
2548824
2548827
2548844
2548867
2548875
2548884
2548887
2548902
2548928
2548991
2549006
2549032
2549144
2549199
2549225
2549278
2549288
2549350
2549351
2549352
2549371
2549383
2549387
2549445
2549447
2549448
2549507
2549564
2549600
2549611
2549612
2549644
2549653
2549654
2549881
2549882
2549886
2549942
2550016
2550043
2550054
2550107
2550173
2550232
2550250
2550297
2550388
2550410
2550421
2550439
2550454
2550456
2550515
2550516
2550536
2550602
2550732
2550761
2550917
2551050
2551051
2551117
2551138
2551222
2551387
2551419
2551422
2551424
2551476
2551523
2551528
2551529
2551551
2551552
2551597
2551601
2551610
2551632
2551643
2551729
2551902
2551962
2552007
2552012
25520142552014
2552042
2552065
2552115
2552117
2552136
2552271
2552273
2552318
2552403
2552413
2552414
2552417
2552419
2552527
2552555
2552579
2552601
2552611
2552648
2552688
2552693
2552745
2552875
2552957
2552982
2552988
2553026
2553097
2553117
2553162
2553178
2553237
2553273
2553278
2553299
2553310
2552014
2546191
2553348
